[{"id": 0, "img_name": "image000", "width": 986, "height": 740, "position": [-3.636881762248344, -1.6118581835496555, -0.637015162661676], "rotation": [[0.998435032937664, 0.02492326480461444, 0.05006311890248867], [-0.026308669536381276, 0.9992835481531329, 0.0272074309281602], [-0.049349153082815275, -0.028481946246072982, 0.9983754002518515]], "fy": 841.3551926363407, "fx": 829.4199223205145}, {"id": 1, "img_name": "image001", "width": 986, "height": 740, "position": [-1.6194738066739502, -1.6257163796002092, -0.41505296286441645], "rotation": [[0.9999254805338196, 0.011431119095420755, -0.004285194912291735], [-0.011311193261018773, 0.9995704392607475, 0.02703689817800711], [0.004592416163840934, -0.026986412734973642, 0.9996252514024822]], "fy": 841.3551926363407, "fx": 829.4199223205145}, {"id": 2, "img_name": "image002", "width": 986, "height": 740, "position": [0.2954943258657852, -1.4663835068436935, -0.168368724066453], "rotation": [[0.9989524578486302, 0.0031621452700405857, -0.04565071516933615], [-0.0026986893719855064, 0.9999442320832286, 0.010210279092944754], [0.045680455709791574, -0.010076386295366621, 0.9989052819989351]], "fy": 841.3551926363407, "fx": 829.4199223205145}, {"id": 3, "img_name": "image003", "width": 986, "height": 740, "position": [3.0025386736749335, -1.2757239650324113, 0.06766176215703236], "rotation": [[0.9900723082098953, 2.087070923446311e-05, -0.1405589701169713], [0.0007382836548863731, 0.9999854224255579, 0.005348819834632227], [0.14055703274178447, -0.00539949079005822, 0.9900578599486157]], "fy": 841.3551926363407, "fx": 829.4199223205145}, {"id": 4, "img_name": "image004", "width": 986, "height": 740, "position": [4.257085866753363, -0.9811810559523754, 0.48953413800517376], "rotation": [[0.9881366572401138, -0.00013192771784681611, -0.15357711161957427], [-0.0011484226952855575, 0.9999653242594029, -0.008248115184712178], [0.1535728743745029, 0.008326636407613238, 0.9881022413609275]], "fy": 841.3551926363407, "fx": 829.4199223205145}, {"id": 5, "img_name": "image005", "width": 986, "height": 740, "position": [4.688959180910546, -0.22378806706818036, 0.47645070149575375], "rotation": [[0.989272635574265, -0.006347886731665089, -0.14594299173989012], [0.005467079151200479, 0.9999643465066045, -0.006435585534659813], [0.14597864073042396, 0.00556866677593155, 0.9892720689480909]], "fy": 841.3551926363407, "fx": 829.4199223205145}, {"id": 6, "img_name": "image006", "width": 986, "height": 740, "position": [2.2132301602368254, -0.29207088693171557, 0.05041718424939555], "rotation": [[0.9960191789757169, -0.000748205807767879, -0.08913604938860602], [0.00028997715905640506, 0.9999866779855963, -0.005153616650335635], [0.08913871788278097, 0.005107253606451662, 0.9960061269564628]], "fy": 841.3551926363407, "fx": 829.4199223205145}, {"id": 7, "img_name": "image007", "width": 986, "height": 740, "position": [-0.7106702686055529, -0.3874543211563974, -0.38692552227188015], "rotation": [[0.999999930638707, 0.0002171417999983377, 0.00030260869104704446], [-0.0002168526619963227, 0.9999995202931158, -0.0009551902748714174], [-0.00030281595761919857, 0.0009551245871179882, 0.9999994980196334]], "fy": 841.3551926363407, "fx": 829.4199223205145}, {"id": 8, "img_name": "image008", "width": 986, "height": 740, "position": [-2.993434972074893, -0.37760480021147, -0.5195428325868218], "rotation": [[0.9973921192005175, 0.004369090700421258, 0.07204076348257286], [-0.00419026496879958, 0.9999877538132244, -0.0026332305393138894], [-0.0720513860809892, 0.0023244935004032015, 0.9973982125980447]], "fy": 841.3551926363407, "fx": 829.4199223205145}, {"id": 9, "img_name": "image009", "width": 986, "height": 740, "position": [-4.8145358170700945, -0.3670620095540558, -0.4589690442292392], "rotation": [[0.9920865476862988, 0.013752154741554777, 0.1248004813285819], [-0.0132996708540515, 0.9999016170603138, -0.0044581336166435075], [-0.12484951203370913, 0.002763049064762751, 0.9921718424269108]], "fy": 841.3551926363407, "fx": 829.4199223205145}, {"id": 10, "img_name": "image010", "width": 986, "height": 740, "position": [-4.74056320091436, 0.7214377309810861, -0.6188221636987653], "rotation": [[0.9938490764071121, 0.0068393737564745065, 0.11053160765749188], [-0.003916586278834379, 0.9996374590584627, -0.026638520962337767], [-0.11067372622556321, 0.02604176287734205, 0.9935155524246158]], "fy": 841.3551926363407, "fx": 829.4199223205145}, {"id": 11, "img_name": "image011", "width": 986, "height": 740, "position": [-1.7859858262873833, 0.4517238218195283, -0.4021239504751066], "rotation": [[0.9997434023339552, 0.0017261714325429672, 0.022586496450594507], [-0.0010315393511415884, 0.9995271930187581, -0.03072989330618027], [-0.022628862461341097, 0.030698709227386888, 0.9992724972876408]], "fy": 841.3551926363407, "fx": 829.4199223205145}, {"id": 12, "img_name": "image012", "width": 986, "height": 740, "position": [0.726819715146563, 0.52034277395572, -0.10327627626819774], "rotation": [[0.99504272510288, 0.021850348784462494, -0.09701823270824549], [-0.022663821001959086, 0.9997165594983214, -0.0072905337548162105], [0.0968314331063271, 0.009453196434872945, 0.9952559020873668]], "fy": 841.3551926363407, "fx": 829.4199223205145}, {"id": 13, "img_name": "image013", "width": 986, "height": 740, "position": [2.9258612420560572, 0.5499173537913469, 0.38600601470220847], "rotation": [[0.9888831372140696, 0.019903737995692113, -0.1473566494850457], [-0.02288049351152676, 0.9995664032075083, -0.01853344532119884], [0.14692387127464607, 0.021699004415035444, 0.9889097680056897]], "fy": 841.3551926363407, "fx": 829.4199223205145}, {"id": 14, "img_name": "image014", "width": 986, "height": 740, "position": [4.907598167105989, 0.5767848898107744, 0.8682737989599105], "rotation": [[0.9825078457549226, 0.006891129435889678, -0.18609364676183693], [-0.01736385160221991, 0.998351542364589, -0.05470552545933821], [0.18540989641213224, 0.05697991043643392, 0.9810078797436329]], "fy": 841.3551926363407, "fx": 829.4199223205145}, {"id": 15, "img_name": "image015", "width": 986, "height": 740, "position": [5.287386706297818, 1.1969722782095182, 1.000587059914357], "rotation": [[0.9804899953509851, 0.009280144365800146, -0.19634981012767763], [-0.02425826178465095, 0.9969619677420514, -0.07401602266458403], [0.19506641369495797, 0.07733507481374015, 0.9777363552879378]], "fy": 841.3551926363407, "fx": 829.4199223205145}, {"id": 16, "img_name": "image016", "width": 986, "height": 740, "position": [3.1001947925314073, 1.480916287349853, 0.6032174723895776], "rotation": [[0.9916176761689859, 0.005092189103166061, -0.12910636668792783], [-0.01266766335883498, 0.9982406713471033, -0.05792315921556577], [0.1285842704775639, 0.059073104528390485, 0.9899376009159013]], "fy": 841.3551926363407, "fx": 829.4199223205145}, {"id": 17, "img_name": "image017", "width": 986, "height": 740, "position": [0.30784529101928815, 1.4850316809085562, 0.2927058943682239], "rotation": [[0.9995911645006076, -0.02050076632824068, -0.019930439841461915], [0.019517166853143027, 0.9986396242927675, -0.048352673043241444], [0.020894593806672454, 0.0479439190341685, 0.9986314618403025]], "fy": 841.3551926363407, "fx": 829.4199223205145}, {"id": 18, "img_name": "image018", "width": 986, "height": 740, "position": [-2.0863399534229794, 1.6679150050260718, 0.26517532092956553], "rotation": [[0.9985371689509285, -0.011762328911483568, 0.05277470835583161], [0.01473262624897699, 0.9983079361169414, -0.05625135029260268], [-0.05202376329402709, 0.05694657412444769, 0.9970208702671252]], "fy": 841.3551926363407, "fx": 829.4199223205145}, {"id": 19, "img_name": "image019", "width": 986, "height": 740, "position": [-3.944678790294475, 1.7275048749290642, 0.44191305528778535], "rotation": [[0.9947160670472436, -0.049131984587589946, 0.09014429570720721], [0.05456235897011183, 0.9967776228175949, -0.058798976468315195], [-0.08696490637998901, 0.06340677204045048, 0.9941914736698005]], "fy": 841.3551926363407, "fx": 829.4199223205145}]